M6_FIXTURE_V1
69 72
15 12 13 14 15 16 17 48 49 50 51 52 53 54 55 56
57 0 1 2 3 4 5 6 7 8 9 10 11 18 19 20 21 22 23 24 25 26 27 28 29 30 31 32 33 34 35 36 37 38 39 40 41 42 43 44 45 46 47 57 58 59 60 61 62 63 64 65 66 67 68 69 70 71
69 0 1 2 3 4 5 6 7 8 9 10 11 12 13 14 15 16 17 18 19 20 21 22 23 24 25 26 27 28 29 30 31 32 33 34 35 36 37 38 39 40 41 42 43 44 45 46 47 48 49 50 51 52 53 54 55 56 57 58 93 94 451 544 2093 2094 2095 2105 2106 2107
-10354.1113 -186.354385 250.385193 -146.323364 814.453979 645.341492 451.189026 208.033295 -222.010559 61.9791489 -496.913696 -349.115204 103.807365 16.9958344 40.6872368 40.3931427 134.137772 -162.0336 64.1202927 -18.1818123 -14.8593683 11.9212151 -55.0483627 -39.7826233 46.9677238 -12.6073265 -44.6237679 -9.44547176 -203.583496 -30.723547 15.3001537 -0.830888748 -10.8223715 -9.663764 -60.1474075 -68.9482574 9.82584 -3.99125862 0.355667233 10.0025434 5.97281599 -11.6193848 4.9020524 -3.06347513 0.887962401 6.81453133 6.40633392 10.3803101 -0.271194696 0.127657041 -0.0386602208 -0.162165552 -0.437373668 -0.0675558597 0.203373313 -0.00756331766 1.00063968 0 0 0 0 0 0 0 0 0 0 0 0 0 0 0
0 11777.6602 35.8704071 1177.26941 -186.291183 -14669.3936 -193.626556 -1990.01379 -41.7661209 -406.079773 54.4601212 7197.51514 -2.43747425 -625.351074 25.1891689 -37.0326271 161.45549 3439.95166 21.6112766 -343.190735 3.27422285 -31.377943 23.1124763 1952.93933 15.1245413 -211.297943 -13.9831181 -34.8316574 -41.1296539 1264.05396 -0.585976481 -61.1723061 -2.80843878 -11.5266323 -5.12539387 437.9422 2.33035517 -41.748951 -3.59323525 -1.23903251 -19.3796959 295.205597 4.76813745 -14.2342863 -2.18279982 2.57976079 -10.9949474 83.5067444 -0.282167941 0.533934474 0.0823830962 1.27841842 0.184244558 -2.11644959 0.0429420881 0.463285655 0.131260395 0 0 0 0 0 0 0 0 0 0 0 0 0 0 0
0 0 -10964.418 -289.967041 -8182.06494 -117.785355 -177.414352 49.147728 1284.50427 199.076736 4973.96338 67.2447052 12.5584316 -76.9864807 -301.443573 -15.1049995 -1257.026 380.700104 -6.26070881 3.61962175 188.15535 -5.8087883 867.973206 -37.8183823 -45.8507996 25.7402306 537.394958 16.2873898 2733.16748 -114.354012 -7.05096292 14.9638424 142.824097 115.692169 858.403076 -81.220871 1.91346228 9.32026005 2.66923308 -3.73629689 18.4604492 -76.723114 1.05339146 1.97226155 -10.0981169 4.12819338 -58.1237526 -17.2241726 -0.0578392893 -0.0749457777 0.439066678 -0.433210284 0.979268491 0.538208187 -0.530909896 0.0763901249 0.368931621 0 0 0 0 0 0 0 0 0 0 0 0 0 0 0
0 0 0 -13817.5488 -5438.7251 1280.8324 55.216259 449.452057 115.278709 8576.09473 2615.99243 -361.195953 6.2868042 169.627563 -5.13792181 -1714.55859 -852.872192 -582.318359 6.31898355 71.9511261 -8.7607708 1108.68542 430.821167 -229.603241 -5.46867037 4.36407423 11.7535696 3804.94312 1782.38757 262.927582 6.64273834 5.26421547 81.5364075 1973.95593 1528.86768 -42.6446877 17.7604465 16.2230644 -6.20081663 62.4870949 -2.59882355 -248.403275 7.13733864 5.94712162 2.92645001 -152.26062 -43.7057533 -81.127655 -0.406959653 -0.098170653 -0.230965972 -212.82489 63.2156601 -609.427917 -0.0318391845 -0.0539819747 -0.0152721908 0 0 0 0 0 0 0 0 0 0 0 0 0 0 0
0 0 0 0 -21343.5547 -1087.83105 -188.12146 -172.849228 2099.33984 -469.316742 13322.1387 676.990417 6.71738625 -207.994949 -618.780762 -92.3132935 -3145.18555 1073.33008 -19.5923424 0.528499305 416.730133 6.19521713 2075.86401 -7.63354015 -96.2596893 54.5572243 1224.27759 182.645172 6805.00977 -200.173691 -15.3282413 31.1891975 349.949707 472.550171 2371.06616 -180.536942 4.11798191 21.9109135 5.74354792 -9.72237492 31.03792 -219.485992 2.07260489 3.71171355 -29.7153893 10.5999279 -195.687836 -49.6613121 -0.114509612 -0.11596217 1.21758127 88.1906815 402.806763 185.876892 0.882486641 -0.0643510669 -0.570074916 0 0 0 0 0 0 0 0 0 0 0 0 0 0 0
0 0 0 0 0 -33479.5859 -34.5972443 -1775.12463 -48.7002754 402.168091 -149.521378 14400.2148 -29.3537216 -821.287903 51.1678543 -18.1665783 248.267715 6985.73389 -9.84930801 -513.357544 -9.75257111 74.0682068 13.549366 3982.34863 -6.81601572 -345.272675 -46.2572556 195.315353 -90.374733 2814.14697 -24.6591797 -119.306747 -6.65724611 94.4053955 43.2569008 1272.27075 -7.38516665 -83.7271042 -8.87687397 -4.23496342 -54.538208 829.054993 7.77897882 -25.8870258 -3.53339863 -7.37633038 -26.6087151 209.499863 -0.470653981 0.83185041 0.108535893 241.868271 -24.1950436 -124.340164 -0.0656480491 -0.723928809 -0.104907632 0 0 0 0 0 0 0 0 0 0 0 0 0 0 0
0 0 0 0 0 0 -5184.83936 -2163.6228 615.257629 -763.146912 2563.34888 1979.12585 3617.28418 1936.17407 -50.5330734 424.73172 -640.478821 -1502.07166 450.449188 14.664175 -186.321533 79.2089233 -634.800293 96.1909103 202.271027 -49.5908661 -145.32402 -7.89385843 -631.350464 -114.007706 66.79039 -6.79960775 -34.928566 -36.1898003 -213.226196 -300.606567 25.2897205 -2.72955537 -8.45610046 17.9810085 -28.2762928 -169.531113 8.3952446 -4.08892679 -0.177319303 12.7515163 9.26203156 -20.1604176 -0.459083676 0.252210379 0.0372903086 -7.06593513 -13.6166019 -12.3198681 -0.279545486 -0.0251932889 -1.96569407 0 0 0 0 0 0 0 0 0 0 0 0 0 0 0
0 0 0 0 0 0 0 -8891.22852 -115.384521 -1636.40442 -148.442764 25538.1426 249.949509 5492.27148 -169.711395 404.554626 -234.383621 -12523.5664 -87.2042694 1287.74097 81.3333282 135.956024 211.669846 -6196.521 -97.1251068 738.251038 42.6025734 321.612946 104.629944 -4087.76147 -18.1076393 212.745911 5.76605177 122.589195 36.7335854 -1390.02197 -3.89917374 82.0485687 10.9449682 -2.89807749 61.2060699 -638.598877 -6.7947979 22.3938007 5.06640911 -12.5807266 27.125042 -155.343597 0.409798503 -0.772451699 -0.208103552 -62.5125885 2.84327626 -7.99926472 0.131267086 0.629471183 0.674010634 0 0 0 0 0 0 0 0 0 0 0 0 0 0 0
0 0 0 0 0 0 0 0 6321.30811 502.873383 26581.5195 310.353424 -342.838135 211.677353 -1915.62073 -136.868118 -8077.01172 -703.608582 88.7777786 -37.690731 -1751.44507 158.868362 -8077.7002 82.8953018 120.730225 -42.6055107 -1443.25671 -82.0193939 -7213.33057 91.1785889 18.0503998 -14.6131935 -400.37204 -369.747498 -2440.43921 81.1948166 0.309640318 -8.8771162 -119.398972 -127.167946 -787.161987 97.0510406 -1.15100062 -2.08958268 -7.91338921 -4.38121367 -53.8527908 28.918211 0.0301048514 0.0380792208 0.388213485 -22.3085823 -138.58902 -52.3714142 -1.30118191 0.105971836 1.09810221 0 0 0 0 0 0 0 0 0 0 0 0 0 0 0
0 0 0 0 0 0 0 0 0 19071.6758 8195.77734 1920.19128 -17.0743904 -221.244507 0.971906424 -6341.37305 -2160.38892 -590.798523 -12.6036596 13.0172424 123.070724 -4680.17285 -1561.58533 -581.955078 -2.41135645 18.8714123 60.8219261 -4574.5918 -1909.38782 -490.358032 -1.016801 9.13147736 -74.9623795 -2379.29517 -1781.55383 -185.211731 -6.26178646 3.0056808 -35.1481171 -917.519714 -735.111328 11.8937111 -4.10723972 -0.681400657 -1.64269209 -93.7741013 -61.9470901 34.0586052 0.200340271 -0.033476986 -0.0376472138 110.826523 -18.0859661 285.775177 0.148013368 1.17796373 0.0700849891 0 0 0 0 0 0 0 0 0 0 0 0 0 0 0
0 0 0 0 0 0 0 0 0 0 16616.2637 -88.4740219 374.407806 -9.47790718 -43.7572098 491.742584 -6169.90967 -309.160217 -29.9886723 9.12113667 -357.352692 -9.83047962 -3660.25854 103.109512 -4.85977554 -0.817969978 -544.403198 68.9597015 -4138.0708 125.635086 0.117274962 -8.18254852 -181.780212 -314.522614 -1601.83997 39.0773506 1.17729223 -5.57035017 -88.9937286 -215.782333 -816.01886 47.3749924 0.0820781291 -0.897125006 -8.08472633 -27.0177937 -93.6412811 17.100668 -0.0341679268 0.00776479766 0.331661999 -54.7474632 -120.231285 -108.89798 2.99226785 -0.902792513 -0.330481708 0 0 0 0 0 0 0 0 0 0 0 0 0 0 0
0 0 0 0 0 0 0 0 0 0 0 30935.8027 -187.622589 -880.156189 126.334641 -41.4129257 308.220367 -12743.0703 33.065197 695.671143 -24.1618385 42.4047356 -63.0075722 -7385.51172 57.8878899 527.134399 -37.4257698 2.42716861 -297.006348 -5434.47314 65.5089264 199.935379 -14.3189497 -28.6042252 -175.400024 -2699.35034 38.1421814 93.4985199 12.8193235 61.3898239 124.79464 -1443.05347 3.22620153 16.7428398 5.21015596 28.2214756 61.8908081 -310.397003 -0.110948853 -0.133211792 -0.128594995 -78.4794006 3.89492464 49.612484 -0.0968192518 -0.944741488 -0.5174613 0 0 0 0 0 0 0 0 0 0 0 0 0 0 0
0 0 0 0 0 0 0 0 0 0 0 0 -3751.39502 -964.465576 332.323761 -126.035347 604.111145 923.35199 1634.59387 420.964447 -436.18338 183.101242 -1026.4198 -86.3972397 822.13623 246.638412 73.7455902 170.042648 -243.740021 222.637146 204.34317 -43.5018654 14.8873005 -42.8608971 -57.0016022 -489.682617 67.1573715 -6.78306055 -19.6594906 13.1113605 -85.9484482 -409.509338 17.2330818 -8.28116798 -3.53021741 20.5951118 -3.73997879 -61.9312325 -0.884790957 0.554758787 0.213175029 -12.0096083 -10.5415125 -21.4988499 -0.0737927034 -0.019415345 -1.76570654 0 0 0 0 0 0 0 0 0 0 0 0 0 0 0
0 0 0 0 0 0 0 0 0 0 0 0 0 7621.27686 -9.08794975 271.470673 -792.974976 -27366.7148 2.46209884 -3567.69897 -173.850342 -335.429932 -259.331116 13369.6992 -40.0319557 -2131.55493 179.01123 -1137.93018 939.180542 9002.53809 61.4254074 -624.803345 60.1273727 -395.722565 267.384369 3077.81641 10.2009974 -138.49321 -19.4946632 18.828886 -103.851189 940.538086 7.57533789 -28.9291058 -9.867136 25.0815773 -50.6984673 204.298141 -0.445003897 0.9234128 0.438677162 75.5513611 11.2812767 31.7099781 0.0259561539 -0.593947709 -0.271027476 0 0 0 0 0 0 0 0 0 0 0 0 0 0 0
0 0 0 0 0 0 0 0 0 0 0 0 0 0 -5533.39502 -255.659973 -21939.9258 -1033.22485 -304.786041 245.995529 5359.95801 -438.865051 19352.1699 -225.349945 221.31134 -89.061203 -277.136139 74.0684814 54.7613792 499.171936 50.2141724 -105.451248 -41.5528107 94.8062973 29.1030064 493.738922 -7.50495005 -27.677166 325.136047 366.162598 1978.79004 219.698227 -2.14261222 -1.25901282 52.3638535 73.7495956 406.452637 30.7771225 0.23205702 0.000791837985 -2.05554438 -0.21429722 4.81210661 -0.914194405 -0.0338072926 -0.139055386 -0.570153594 0 0 0 0 0 0 0 0 0 0 0 0 0 0 0
0 0 0 0 0 0 0 0 0 0 0 0 0 0 0 -16521.5391 -6357.28516 -2241.09741 6.40059042 -94.4881516 -285.438477 12293.0752 3029.36963 1471.45007 38.4184875 81.1445541 12.4857941 635.055664 247.041901 -293.281982 -18.9397144 11.3639994 34.1513901 383.298615 384.254395 322.329071 -32.1791992 -30.2008762 128.012222 2525.60522 2229.44312 588.725708 -7.92609024 -3.05846977 13.7127457 691.309814 459.103973 112.493431 0.529557705 -0.162260443 0.151803538 -63.1034889 -3.17345619 -55.7414627 -0.0602764376 -1.47709584 -0.140897915 0 0 0 0 0 0 0 0 0 0 0 0 0 0 0
0 0 0 0 0 0 0 0 0 0 0 0 0 0 0 0 -14437.4512 -311.870331 175.577087 -31.7424603 -407.121948 -870.86377 10364.5195 -330.766815 -156.503067 7.42958021 395.704498 -145.735138 784.629272 3.10237455 -26.4427662 -1.89188099 73.6107101 34.3990402 410.68161 311.525024 -11.1940832 -8.37106991 254.091949 798.289246 2349.61401 324.840607 -5.62729073 1.4896034 53.4032173 185.533966 544.960388 53.8393936 0.427353442 -0.161627233 -1.99023354 39.0239754 59.4392776 47.0971718 -1.03497744 1.0561502 -0.67013514 0 0 0 0 0 0 0 0 0 0 0 0 0 0 0
0 0 0 0 0 0 0 0 0 0 0 0 0 0 0 0 0 -26829.7227 55.1508484 -154.689667 -90.461731 -199.035782 -660.540894 11196.5596 70.5760345 -359.598419 80.781189 341.650391 663.072632 7953.7583 -104.258293 -227.773087 32.1927223 167.920792 400.8461 4240.45068 -65.8005524 -106.691765 -32.0316086 -146.798157 -297.013611 2165.48999 -12.0043058 -10.5403795 -8.99162006 -70.1008911 -119.57589 439.022034 0.579850912 -0.471978217 0.221122935 72.4364929 0.51383388 -77.7824478 0.00915779453 0.696997106 0.21626009 0 0 0 0 0 0 0 0 0 0 0 0 0 0 0
0 0 0 0 0 0 0 0 0 0 0 0 0 0 0 0 0 0 3032.26978 441.476349 -405.332947 159.29248 -1209.92639 -1673.37732 -1593.37854 -303.931549 186.578751 -215.394104 1042.37488 17.7852192 -412.615173 -28.9923553 53.4206123 36.8233795 441.102722 825.102783 -127.080437 12.5395222 82.7285767 -50.924572 328.906189 664.124451 -27.9662666 13.3333797 8.99800968 -45.0701981 33.6908417 96.9748154 1.36875355 -0.861805499 -0.40937072 6.29915667 10.196804 14.7865219 0.503121674 -0.00538200792 1.11932433 0 0 0 0 0 0 0 0 0 0 0 0 0 0 0
0 0 0 0 0 0 0 0 0 0 0 0 0 0 0 0 0 0 0 6621.09082 -56.7428093 1082.97375 -713.907043 -25420.4199 -66.013298 -4155.74561 116.212372 -1813.14905 730.405701 16267.1797 25.3150921 -1280.63794 55.3873367 -653.437195 285.675415 6049.48926 9.45691681 -250.398056 -50.7588692 8.40368748 -220.906937 1831.25842 8.57426357 -48.5239334 -16.1425076 19.6633244 -82.1002884 375.725616 -0.505199194 1.5203414 0.707099259 82.0387115 0.0918904617 5.94737482 -0.0379888751 -0.364047199 -0.150480837 0 0 0 0 0 0 0 0 0 0 0 0 0 0 0
0 0 0 0 0 0 0 0 0 0 0 0 0 0 0 0 0 0 0 0 4220.32129 1309.41833 18893.9199 576.373962 -52.3517075 -136.258194 -2171.71924 -164.809692 -9244.78418 159.132629 -6.35114717 166.019684 -643.667358 -294.514221 -3808.06152 -587.408691 36.3446388 27.4459839 -869.417053 -672.902649 -4925.74902 -202.378174 4.98688936 -3.83766556 -114.893501 -89.7946014 -872.987488 -1.18697476 -0.515972733 0.183874577 4.30828142 -23.9490871 -107.544365 -54.9324417 -0.367845774 0.0364514589 1.04373348 0 0 0 0 0 0 0 0 0 0 0 0 0 0 0
0 0 0 0 0 0 0 0 0 0 0 0 0 0 0 0 0 0 0 0 0 -15570.5723 -7191.23145 -879.475159 62.450325 87.4775467 -215.012299 6870.24463 1179.04248 -433.147888 -20.5069408 39.1042671 23.1717186 2808.51416 1708.93469 369.985443 -41.6580353 -36.3288193 133.404831 4747.25391 3657.35229 720.607422 -8.14976978 -4.48778248 5.26865864 1124.40991 639.555908 111.82505 0.591526985 -0.159370661 0.92774868 -74.8088531 8.81655788 -222.959412 -0.146117434 -2.46498775 -0.0926181078 0 0 0 0 0 0 0 0 0 0 0 0 0 0 0
0 0 0 0 0 0 0 0 0 0 0 0 0 0 0 0 0 0 0 0 0 0 -12429.9141 -1257.76794 -80.8513641 -90.9457092 34.2409706 -1624.35803 6304.47412 275.500549 -9.73564148 52.5050011 193.680145 359.893066 1452.46033 521.166321 -8.99409485 -2.6151166 317.292603 1077.14417 3834.38892 488.825165 -9.31118679 3.88118052 79.4061127 188.313095 811.516602 74.1866226 0.71030277 -0.284562707 -3.29671788 17.9089832 120.071388 137.382248 -1.74880755 1.93920743 -1.22102952 0 0 0 0 0 0 0 0 0 0 0 0 0 0 0
0 0 0 0 0 0 0 0 0 0 0 0 0 0 0 0 0 0 0 0 0 0 0 -25019.834 146.853455 -136.731583 5.12945032 262.558777 171.967606 13485.9609 -91.0026932 -247.667419 -0.51455766 104.893784 345.717804 6702.61279 -96.7554169 -151.026093 -47.9788437 -209.697311 -399.097565 3367.91943 -15.5362034 -12.9607105 -13.6723404 -94.1658173 -152.011795 672.049316 0.66701436 -0.855042279 0.40938735 89.3857193 -0.680960238 -47.3680878 0.132947206 0.285602689 0.09086667 0 0 0 0 0 0 0 0 0 0 0 0 0 0 0
0 0 0 0 0 0 0 0 0 0 0 0 0 0 0 0 0 0 0 0 0 0 0 0 3300.52539 119.508003 -1391.5387 245.824539 -4024.24243 -2794.28979 -1995.32385 -48.743515 1358.83057 337.907074 4004.72949 1897.49902 -355.866974 42.1459846 33.752533 -477.290131 97.6503296 815.16333 -93.6973801 27.9527016 -43.1138077 -154.803864 -150.374756 47.2549248 5.97136974 -1.53180146 2.37528682 13.2084427 29.2706738 31.674263 -0.0531028658 0.135890797 1.19103694 0 0 0 0 0 0 0 0 0 0 0 0 0 0 0
0 0 0 0 0 0 0 0 0 0 0 0 0 0 0 0 0 0 0 0 0 0 0 0 0 6181.41895 328.484283 2421.62207 786.388977 -26174.959 -35.0137711 -3664.44409 -26.903101 -1539.52966 172.699692 16733.1836 26.2242336 -1201.93262 -187.638123 -462.93222 -741.561646 7244.5249 27.8909969 -218.064072 -37.6536217 -56.5572701 -211.236008 1196.79114 -1.88753414 9.18184757 1.35901833 115.2714 -4.00611591 -9.54436588 -0.081879124 -0.343155205 -0.0950020775 0 0 0 0 0 0 0 0 0 0 0 0 0 0 0
0 0 0 0 0 0 0 0 0 0 0 0 0 0 0 0 0 0 0 0 0 0 0 0 0 0 -5352.12842 -1542.39429 -24339.2246 51.2072067 -300.728943 -98.3842316 4433.15674 1076.07471 20421.1699 405.671143 69.9417648 52.4057655 645.470703 301.678894 4089.7644 -406.10611 41.2996292 9.05610275 -35.594368 53.1940422 -56.4713593 -113.584717 -2.53674412 -0.23870866 1.89114034 55.7538376 185.125595 97.3761978 0.363605917 0.163022667 -0.875867963 0 0 0 0 0 0 0 0 0 0 0 0 0 0 0
0 0 0 0 0 0 0 0 0 0 0 0 0 0 0 0 0 0 0 0 0 0 0 0 0 0 0 -19451.4219 -8391.71094 -939.291565 -17.1189308 64.7876358 -22.9139118 15984.5049 6957.01904 1192.42627 40.2402344 35.527935 1.54496658 3372.27026 1468.32812 -199.563599 22.6750698 8.10674858 1.96543205 60.7218704 -8.17614841 -198.231323 -1.21160352 0.00174653961 -0.189713523 -61.2912407 6.91995573 -334.976807 0.0194253549 -1.91494465 0.0454741754 0 0 0 0 0 0 0 0 0 0 0 0 0 0 0
0 0 0 0 0 0 0 0 0 0 0 0 0 0 0 0 0 0 0 0 0 0 0 0 0 0 0 0 -16436.5938 316.022217 152.562088 -4.78387833 162.191971 51.9541397 13798.5244 195.050186 -72.3805008 -4.02110052 262.567322 7.7016778 2635.61621 -345.667175 -28.2787075 4.23928833 -7.60173988 -59.0838394 -41.5650291 -102.102196 1.93312097 -0.0827390775 0.450400174 1.44790018 132.504608 127.627281 -1.1611557 1.30393636 -1.12288868 0 0 0 0 0 0 0 0 0 0 0 0 0 0 0
0 0 0 0 0 0 0 0 0 0 0 0 0 0 0 0 0 0 0 0 0 0 0 0 0 0 0 0 0 27020.1992 46.6943054 280.483826 -2.55145192 -726.637573 -1029.79712 -16780.6309 120.429024 341.181213 32.3517647 407.069183 821.453613 -8072.09961 0.358146131 24.3574657 13.4125757 198.699173 246.192398 -1366.70154 0.571524084 1.9951005 -0.221198931 -109.163017 4.5917263 36.0497017 -0.0922417939 -0.436163455 0.101661041 0 0 0 0 0 0 0 0 0 0 0 0 0 0 0
0 0 0 0 0 0 0 0 0 0 0 0 0 0 0 0 0 0 0 0 0 0 0 0 0 0 0 0 0 0 -2454.41528 -0.51173526 209.504639 -732.430908 597.942078 2699.96924 1471.60632 19.1983089 -181.695068 511.823334 -487.198975 -2240.76074 12.0781746 -33.5443001 93.4712219 228.813919 251.600067 -322.857849 8.16182137 2.49861383 -5.47839689 -31.9702187 -43.7461662 -24.1804104 0.071468927 -0.016610086 -1.38267148 0 0 0 0 0 0 0 0 0 0 0 0 0 0 0
0 0 0 0 0 0 0 0 0 0 0 0 0 0 0 0 0 0 0 0 0 0 0 0 0 0 0 0 0 0 0 -4592.66895 -293.370636 -2041.69861 -934.249268 18631.418 38.8937569 3095.98022 199.585205 992.782776 716.221191 -15088.3096 -31.8398094 298.321289 46.0294456 118.226921 224.520676 -2163.60303 2.67555594 -8.02978802 -2.07964611 -154.027771 0.510632098 11.2463312 -0.0863920823 0.34274599 0.325720966 0 0 0 0 0 0 0 0 0 0 0 0 0 0 0
0 0 0 0 0 0 0 0 0 0 0 0 0 0 0 0 0 0 0 0 0 0 0 0 0 0 0 0 0 0 0 0 -2685.87793 -984.764648 -10723.8994 357.22821 -10.0398235 79.1532364 2426.56445 916.683228 11258.918 -325.808868 60.2563019 42.4748802 -332.73114 5.35059834 -470.664642 -274.80426 -2.98419929 -2.45523643 26.1478901 132.703369 432.918793 217.858124 0.699675024 0.630623579 -1.13739371 0 0 0 0 0 0 0 0 0 0 0 0 0 0 0
0 0 0 0 0 0 0 0 0 0 0 0 0 0 0 0 0 0 0 0 0 0 0 0 0 0 0 0 0 0 0 0 0 -11120.9912 -3384.42285 98.6795654 60.4405746 164.71312 36.7035713 11270.166 3656.55981 40.1754379 72.6983643 16.9555397 12.6788654 -248.594986 -213.24556 -527.241211 -4.62432289 0.237262443 -1.8296479 -195.88208 45.7014771 -745.317871 -0.133490831 -4.37497139 0.0199144762 0 0 0 0 0 0 0 0 0 0 0 0 0 0 0
0 0 0 0 0 0 0 0 0 0 0 0 0 0 0 0 0 0 0 0 0 0 0 0 0 0 0 0 0 0 0 0 0 0 -10975.5898 1469.28015 -93.8840485 -42.4978943 435.862946 143.708191 11534.5186 -1203.36426 -4.42513466 -6.82317972 59.6293793 -131.303802 -610.284424 -349.709351 0.024370227 1.34551156 -10.9715834 24.8423538 337.595123 100.279091 -1.79141736 1.50519443 -3.13152575 0 0 0 0 0 0 0 0 0 0 0 0 0 0 0
0 0 0 0 0 0 0 0 0 0 0 0 0 0 0 0 0 0 0 0 0 0 0 0 0 0 0 0 0 0 0 0 0 0 0 21612.9434 71.9509888 551.192078 -20.1986942 -392.384186 -295.499908 -17951.7051 32.9376106 88.9115295 7.0821991 188.142426 334.986969 -2406.45288 -2.47107172 -1.83147609 1.00159848 -164.171341 -27.9466076 107.296585 0.169056192 -0.460981786 0.162298232 0 0 0 0 0 0 0 0 0 0 0 0 0 0 0
0 0 0 0 0 0 0 0 0 0 0 0 0 0 0 0 0 0 0 0 0 0 0 0 0 0 0 0 0 0 0 0 0 0 0 0 1952.80847 122.781624 -99.844017 189.874207 137.546555 -967.297913 -936.679504 -235.977554 27.8567524 -102.728394 -15.6929674 729.743713 113.970451 12.0370874 -3.38485408 54.7586975 58.31073 53.8975258 -0.452848852 0.465646595 1.37742913 0 0 0 0 0 0 0 0 0 0 0 0 0 0 0
0 0 0 0 0 0 0 0 0 0 0 0 0 0 0 0 0 0 0 0 0 0 0 0 0 0 0 0 0 0 0 0 0 0 0 0 0 -2960.80566 -187.587677 63.8816032 -111.196274 7365.43115 122.722466 1377.88745 81.3757706 115.966385 177.550125 -4772.13672 -4.01151896 -103.904442 -2.80030704 -275.384521 12.3559065 0.511782825 0.00441921502 0.219882131 0.471322358 0 0 0 0 0 0 0 0 0 0 0 0 0 0 0
0 0 0 0 0 0 0 0 0 0 0 0 0 0 0 0 0 0 0 0 0 0 0 0 0 0 0 0 0 0 0 0 0 0 0 0 0 0 2010.16089 159.968796 4196.36084 95.184845 -49.2787933 -38.3697205 -1291.18921 -166.164185 -4223.13672 103.600288 4.31903315 -3.06137729 122.090851 -185.784378 -761.193481 -361.945892 -0.25969097 -1.35558128 2.88944483 0 0 0 0 0 0 0 0 0 0 0 0 0 0 0
0 0 0 0 0 0 0 0 0 0 0 0 0 0 0 0 0 0 0 0 0 0 0 0 0 0 0 0 0 0 0 0 0 0 0 0 0 0 0 7971.74805 1566.78455 -271.56665 -71.8587189 -168.530441 -42.8417931 -7786.69385 -1606.60925 690.20282 1.64185739 11.921114 -2.34136915 512.607971 -165.472809 1398.74048 0.756117165 10.2738962 0.822503746 0 0 0 0 0 0 0 0 0 0 0 0 0 0 0
0 0 0 0 0 0 0 0 0 0 0 0 0 0 0 0 0 0 0 0 0 0 0 0 0 0 0 0 0 0 0 0 0 0 0 0 0 0 0 0 -8683.85352 367.592834 -58.0753136 3.59207606 318.574402 -0.67508167 8600.12988 -454.758087 8.80449867 1.32794404 21.8390121 126.502975 1026.57104 203.010208 -3.3664577 2.22575259 -7.64995003 0 0 0 0 0 0 0 0 0 0 0 0 0 0 0
0 0 0 0 0 0 0 0 0 0 0 0 0 0 0 0 0 0 0 0 0 0 0 0 0 0 0 0 0 0 0 0 0 0 0 0 0 0 0 0 0 13384.1729 -35.9888573 274.881134 15.5312939 -145.167709 -14.8418808 -9564.06836 6.80114412 28.6682682 -0.92459929 -457.348541 -13.524538 307.331635 0.112699881 -0.0843123868 0.0340604112 0 0 0 0 0 0 0 0 0 0 0 0 0 0 0
0 0 0 0 0 0 0 0 0 0 0 0 0 0 0 0 0 0 0 0 0 0 0 0 0 0 0 0 0 0 0 0 0 0 0 0 0 0 0 0 0 0 1049.83252 -60.6164093 46.6533089 41.6511841 511.661896 -252.7314 -110.477043 8.36545849 1.84575868 99.3751984 32.0906601 201.518051 0.33428812 1.47615576 0.821097493 0 0 0 0 0 0 0 0 0 0 0 0 0 0 0
0 0 0 0 0 0 0 0 0 0 0 0 0 0 0 0 0 0 0 0 0 0 0 0 0 0 0 0 0 0 0 0 0 0 0 0 0 0 0 0 0 0 0 -1626.35889 -134.26033 782.23761 -7.54516268 3572.67847 -4.98030329 118.613014 5.80456448 -424.413635 49.1564255 -111.48719 0.119881175 -0.878893912 0.105730593 0 0 0 0 0 0 0 0 0 0 0 0 0 0 0
0 0 0 0 0 0 0 0 0 0 0 0 0 0 0 0 0 0 0 0 0 0 0 0 0 0 0 0 0 0 0 0 0 0 0 0 0 0 0 0 0 0 0 0 -751.296204 46.3665886 -126.060402 -305.114716 -3.31699085 -4.05918121 95.7550354 291.69165 1562.61169 571.421204 -2.0672555 2.82627845 -9.35265636 0 0 0 0 0 0 0 0 0 0 0 0 0 0 0
0 0 0 0 0 0 0 0 0 0 0 0 0 0 0 0 0 0 0 0 0 0 0 0 0 0 0 0 0 0 0 0 0 0 0 0 0 0 0 0 0 0 0 0 0 929.948242 3.69801641 -4.35629606 0.506150126 34.8244781 -1.39724183 -79.4756393 -51.4673119 -195.632034 6.82905865 94.3765488 8.66009045 0 0 0 0 0 0 0 0 0 0 0 0 0 0 0
0 0 0 0 0 0 0 0 0 0 0 0 0 0 0 0 0 0 0 0 0 0 0 0 0 0 0 0 0 0 0 0 0 0 0 0 0 0 0 0 0 0 0 0 0 0 926.596313 -63.4571762 -36.697052 0.199088112 10.2031126 50.5480728 239.199097 100.42585 33.6536369 -10.1852531 87.5443039 0 0 0 0 0 0 0 0 0 0 0 0 0 0 0
0 0 0 0 0 0 0 0 0 0 0 0 0 0 0 0 0 0 0 0 0 0 0 0 0 0 0 0 0 0 0 0 0 0 0 0 0 0 0 0 0 0 0 0 0 0 0 -6879.87549 1.70540953 33.1448631 -1.51418495 -811.047852 -110.399467 300.725403 -0.0457476936 0.629420221 0.166499898 0 0 0 0 0 0 0 0 0 0 0 0 0 0 0
0 0 0 0 0 0 0 0 0 0 0 0 0 0 0 0 0 0 0 0 0 0 0 0 0 0 0 0 0 0 0 0 0 0 0 0 0 0 0 0 0 0 0 0 0 0 0 0 -138.537445 -6.71457624 -2.41735816 -59.2457771 -74.5347748 -93.2903824 1.72525632 -0.780321598 2.69493008 0 0 0 0 0 0 0 0 0 0 0 0 0 0 0
0 0 0 0 0 0 0 0 0 0 0 0 0 0 0 0 0 0 0 0 0 0 0 0 0 0 0 0 0 0 0 0 0 0 0 0 0 0 0 0 0 0 0 0 0 0 0 0 0 -160.935364 -7.40865374 -351.088959 -30.4837666 104.277786 -0.254888564 -3.5202806 -0.434612215 0 0 0 0 0 0 0 0 0 0 0 0 0 0 0
0 0 0 0 0 0 0 0 0 0 0 0 0 0 0 0 0 0 0 0 0 0 0 0 0 0 0 0 0 0 0 0 0 0 0 0 0 0 0 0 0 0 0 0 0 0 0 0 0 0 -149.131561 99.2713776 616.922363 116.517525 -23.4340286 0.224206463 11.8674707 0 0 0 0 0 0 0 0 0 0 0 0 0 0 0
0 0 0 0 0 0 0 0 0 0 0 0 0 0 0 0 0 0 0 0 0 0 0 0 0 0 0 0 0 0 0 0 0 0 0 0 0 0 0 0 0 0 0 0 0 0 0 0 0 0 0 -4763.39355 192.429047 212.876175 -0.386917055 0.0353075601 0.131107852 0 0 0 0 0 0 0 0 0 0 0 0 0 0 0
0 0 0 0 0 0 0 0 0 0 0 0 0 0 0 0 0 0 0 0 0 0 0 0 0 0 0 0 0 0 0 0 0 0 0 0 0 0 0 0 0 0 0 0 0 0 0 0 0 0 0 0 -4415.64355 332.471558 -2.87470841 0.0299972333 0.897028804 0 0 0 0 0 0 0 0 0 0 0 0 0 0 0
0 0 0 0 0 0 0 0 0 0 0 0 0 0 0 0 0 0 0 0 0 0 0 0 0 0 0 0 0 0 0 0 0 0 0 0 0 0 0 0 0 0 0 0 0 0 0 0 0 0 0 0 0 -4514.73535 -0.664481223 -0.000574654026 0.215967298 0 0 0 0 0 0 0 0 0 0 0 0 0 0 0
0 0 0 0 0 0 0 0 0 0 0 0 0 0 0 0 0 0 0 0 0 0 0 0 0 0 0 0 0 0 0 0 0 0 0 0 0 0 0 0 0 0 0 0 0 0 0 0 0 0 0 0 0 0 86.7853928 -3.21605158 -32.0262375 0 0 0 0 0 0 0 0 0 0 0 0 0 0 0
0 0 0 0 0 0 0 0 0 0 0 0 0 0 0 0 0 0 0 0 0 0 0 0 0 0 0 0 0 0 0 0 0 0 0 0 0 0 0 0 0 0 0 0 0 0 0 0 0 0 0 0 0 0 0 10.2919321 0.794101655 0 0 0 0 0 0 0 0 0 0 0 0 0 0 0
0 0 0 0 0 0 0 0 0 0 0 0 0 0 0 0 0 0 0 0 0 0 0 0 0 0 0 0 0 0 0 0 0 0 0 0 0 0 0 0 0 0 0 0 0 0 0 0 0 0 0 0 0 0 0 0 12.1871634 0 0 0 0 0 0 0 0 0 0 0 0 0 0 0
5.14958954 -4.61905336 49.2798386 -190.410843 287.858398 46.8786354 -0.490591288 -0.0142233213 -7.36321068 28.5404415 -43.028286 -1.81845629 -0.514019132 0.523608208 -1.80522299 6.69041634 -10.802557 -5.03833103 -0.552957416 0.210185602 -5.21817732 20.0948391 -30.6059055 -3.36218929 -0.1000624 -1.56221354 -26.020277 101.35408 -150.824356 8.66547871 -0.0300421491 -0.657875538 -10.9657011 42.8939629 -63.7039566 3.70433927 -0.459858894 -0.279537857 -7.48010492 29.4127216 -43.8832703 -0.168269232 -1.54680359 3.27777052 4.84953928 -21.3501892 27.4435825 -25.3587589 -0 -0 -0 -0 -0 -0 -0 -0 -0 -1.45525801 3.12133908 4.72331572 -20.7699795 26.7885342 -24.1020927 -0 -0 -0 -0 -0 -0 -0 -0 -0
-12.7442827 19.0618153 -5.31589317 16.5212765 -33.6903725 -160.415405 32.9453735 -49.6650658 6.52365351 -6.10425043 50.6754875 416.623901 -1.23741353 1.87555528 0.00697937747 -1.05236244 -0.635830939 -15.7137184 -1.77457714 2.64956355 -0.241872832 -0.269663841 -2.21440125 -22.2788982 -3.79820895 5.55192947 -2.0775888 6.71669579 -12.9612484 -46.9156189 -1.54345942 2.25021601 -0.909655452 3.01385093 -5.64851952 -19.0865097 -3.04105902 4.5108242 -0.3498649 -0.88220036 -3.55962253 -38.2261887 -4.63197947 7.2332592 1.22273397 -9.95945644 3.88944364 -60.7371483 -0 -0 -0 -0 -0 -0 -0 -0 -0 -4.17438793 6.53190231 1.14151454 -9.18241787 3.71986198 -54.8646164 -0 -0 -0 -0 -0 -0 -0 -0 -0
3.55806875 -2.79520655 45.8290863 -148.282425 276.345795 28.3672047 -0.441247821 0.03521052 -6.0397172 19.5634918 -36.4827995 -1.64195311 -0.383183718 0.442533433 -1.55910003 4.78372765 -9.60658169 -3.90243101 -0.454536438 0.20146066 -4.28494453 13.7667971 -25.9688244 -2.6812973 -0.575026512 -1.17032373 -25.7664356 83.9742355 -154.440659 5.14073038 -0.12233939 -0.581479788 -9.55448341 31.3354607 -57.369751 3.09025741 -0.366684467 -0.532048881 -7.46179962 24.7518787 -45.1751595 2.00477982 -0.609310865 2.19955254 4.41346836 -16.1314945 26.3791752 -15.3737335 -0 -0 -0 -0 -0 -0 -0 -0 -0 -0.605743229 2.20030093 4.42392588 -16.1865368 26.4712944 -15.3821955 -0 -0 -0 -0 -0 -0 -0 -0 -0
-9.80373573 18.1216946 -4.810215 11.2342434 -31.295311 -140.796463 29.0769386 -54.3152885 5.72320223 3.85258722 46.3924065 420.708038 -0.997985005 1.87369537 0.0181266572 -1.13233376 -0.462783575 -14.5055094 -1.40700507 2.58735704 -0.258962065 -0.407576561 -2.23348093 -20.100832 -3.73120499 6.6794529 -2.76645088 7.187181 -17.567894 -52.110363 -1.32550049 2.35913897 -1.05637085 2.82822585 -6.68744373 -18.4834976 -2.88539743 5.26737022 -0.392697334 -1.4799279 -3.88351631 -41.2168198 -4.65381145 9.07452393 1.8188684 -12.6977901 7.61043596 -70.4582062 -0 -0 -0 -0 -0 -0 -0 -0 -0 -4.27229834 8.35205746 1.72450507 -11.9070797 7.30434132 -64.8747711 -0 -0 -0 -0 -0 -0 -0 -0 -0
0 0 0 0 0 0 -5.61532784 1.06541908 16.9502888 8.16294765 33.0154114 0.629039884 -1.24303174 -2.387748 2.07093787 -0.160649002 4.2015419 4.74786377 24.5757103 -2.53987384 -81.9032364 -38.1470413 -156.173386 -6.60327482 -7.69579792 1.37416875 18.5359173 9.15562725 37.759182 1.00196517 -2.89329219 0.638371646 7.03183079 3.44839239 14.4154348 0.110184439 -4.0069375 0.888978362 15.1337023 6.57192993 28.6721497 0.0557945669 -1.78778589 0.525973082 12.5220852 5.1397934 23.2003765 -0.240689337 0 0 0 0 0 0 0 0 0 -1.33353627 0.434719384 9.65847588 3.95614004 17.9379902 -0.261153072 0 0 0 0 0 0 0 0 0
7.7754035 16.0208817 4.06860304 21.1017437 55.6104774 -259.303284 2.51463413 5.14334917 1.46518481 6.91364288 20.3725719 -83.3809738 2.49453497 5.53920841 -3.3719697 -24.6173801 -42.8113632 -88.5387802 1.07466221 2.27820778 -0.243975773 -2.71329975 -2.64937496 -36.6909752 1.49161446 2.99467826 2.71437359 16.1500072 36.0482559 -48.6456757 1.70720375 3.44948101 2.99182773 17.7265434 39.7812805 -55.9817123 1.84435916 3.99986649 -0.996089816 -8.47103596 -12.0682049 -64.1456528 1.29827404 3.12033248 -2.79102564 -19.8545055 -35.8474579 -49.3125343 0 0 0 0 0 0 0 0 0 -20.2006874 -42.5460091 -3.8369298 9.31834984 -66.4922028 688.243469 0 0 0 0 0 0 0 0 0
0 0 0 0 0 0 0 0 0 0 0 0 0 0 0 0 0 0 0 0 0 0 0 0 0 0 0 0 0 0 0 0 0 0 0 0 0 0 0 0 0 0 0 0 0 185.93634 -21.2942028 5.79792261 -32.0390854 -277.539246 8.14998913 1.82556641 0.00328028295 4.34631109 -0.00195546448 13.9750881 -0.0141740348 0 0 0 0 0 0 32.0390854 277.539246 -8.14998913 0 0 0 0 0 0
0 0 0 0 0 0 0 0 0 0 0 0 0 0 0 0 0 0 0 0 0 0 0 0 0 0 0 0 0 0 0 0 0 0 0 0 0 0 0 0 0 0 0 0 0 18.6807251 171.91275 -2.48394656 253.382507 -25.8703957 115.106583 -0.084805958 -4.35122776 0.00342929969 0.0534756407 0.0141892163 13.975009 0 0 0 0 0 0 -253.382507 25.8703957 -115.106583 0 0 0 0 0 0
0 0 0 0 0 0 0 0 0 0 0 0 0 0 0 0 0 0 0 0 0 0 0 0 0 0 0 0 0 0 0 0 0 0 0 0 0 0 0 0 0 0 0 0 0 10.7789431 71.0561218 -0.93750453 113.541901 -20.5827103 -254.575485 0.000368979265 -1.81381452 0.0863980204 13.9752464 0.00187705446 -0.0537116602 0 0 0 0 0 0 -113.541901 20.5827103 254.575485 0 0 0 0 0 0
0 0 0 0 0 0 0 0 0 0 0 0 0 0 0 0 0 0 0 0 0 0 0 0 0 0 0 0 0 0 0 0 0 0 0 0 0 0 0 0 0 0 0 0 0 0 0 0 0 0 0 0 0 0 4472.13037 0 0 0 0 0 0 0 0 0 0 0 0 0 0 -4472.13037 0 0
0 0 0 0 0 0 0 0 0 0 0 0 0 0 0 0 0 0 0 0 0 0 0 0 0 0 0 0 0 0 0 0 0 0 0 0 0 0 0 0 0 0 0 0 0 0 0 0 0 0 0 0 0 0 0 4472.13037 0 0 0 0 0 0 0 0 0 0 0 0 0 0 -4472.13037 0
0 0 0 0 0 0 0 0 0 0 0 0 0 0 0 0 0 0 0 0 0 0 0 0 0 0 0 0 0 0 0 0 0 0 0 0 0 0 0 0 0 0 0 0 0 0 0 0 0 0 0 0 0 0 0 0 4472.13037 0 0 0 0 0 0 0 0 0 0 0 0 0 0 -4472.13037
1.21721315 -7.10222912 -17.332777 48.360527 -22.3058262 -7.84473991 -0.252551794 20.2221432 96.0781631 -79.0403366 -7.69949627 11.7506771 5.11113787 -53.3567581 -50.6077042 44.4448433 5.20448542 -13.5259399 -21.4106674 -37.5201454 147.178085 31.0682144 -64.9277878 -0.175505489 -84.2167511 -34.9624214 -165.667145 30.7882748 -43.097126 9.96867561 15.7291126 24.3750877 -9.20689774 1.66409397 -90.5901947 25.299818 6.99466133 -7.05269241 -67.7932816 3.28245234 -106.100983 18.8647652 49.5966835 -52.9613037 135.816254 -3.08886957 1.04300141 4.40120792 -20.175127 -6.03349209 9.32242489 21.5947742 51.0235901 11.1613064 21.0700703 -0.410276711 1.5205816 1.66337216 -0.209732428 1.71424758 0.0915873051 -8.63358688 -3.02376938 -0.116444163 -0.477390081 1.39512539 -0.0160935447 0.00497716991 0.00414833566

